20 15
3 3 3 3 3 3 3 3 3 3 3 3 3 3 3 3 3 3 3 3
3 3 3 3 3 3 3 0 0 0 0 0 0 0 3 3 3 3 3 3
3 3 3 3 0 0 0 0 0 0 0 0 0 0 0 0 0 3 3 3
3 3 3 3 0 0 0 0 0 2 0 2 0 0 0 0 0 3 3 3
3 3 3 3 0 0 0 0 1 0 2 0 0 2 1 0 0 3 3 3
3 3 3 3 0 0 0 0 0 0 2 2 0 0 2 2 0 3 3 3
3 3 3 3 0 0 2 0 0 2 2 0 0 0 0 0 0 3 3 3
3 3 3 3 0 0 0 2 0 0 2 2 1 0 0 0 0 3 3 3
3 3 3 3 0 2 0 2 16 2 2 0 0 0 0 0 0 3 3 3
3 3 3 3 0 0 0 0 2 0 2 2 2 2 2 0 0 3 3 3
3 3 3 3 0 0 0 0 0 0 0 0 0 0 2 14 0 3 3 3
3 3 3 3 0 16 2 0 0 0 2 2 0 2 2 0 0 3 3 3
3 3 3 3 3 3 3 0 0 0 0 0 0 0 3 3 3 3 3 3
3 3 3 3 3 3 3 3 3 0 0 0 3 3 3 3 3 3 3 3
3 3 3 3 3 3 3 3 3 3 3 3 3 3 3 3 3 3 3 3