<<<<<<< HEAD
20 15
3 3 3 3 3 3 3 3 3 3 3 3 3 3 3 3 3 3 3 3
3 3 3 3 3 3 3 0 0 0 0 0 0 0 3 3 3 3 3 3
3 3 3 3 0 0 0 0 0 0 0 0 0 0 0 0 0 3 3 3
3 3 3 3 0 0 0 0 0 0 0 0 0 0 0 0 0 3 3 3
3 3 3 3 0 0 0 0 0 0 0 0 0 0 0 0 0 3 3 3
3 3 3 3 0 0 0 0 0 0 0 0 0 0 0 0 0 3 3 3
3 3 3 3 0 0 0 0 0 0 0 0 0 0 0 0 0 3 3 3
3 3 3 3 0 0 0 0 0 0 0 0 0 0 0 0 0 3 3 3
3 3 3 3 0 0 0 0 0 0 0 0 0 0 0 0 0 3 3 3
3 3 3 3 0 0 0 0 0 0 0 0 0 0 0 0 0 3 3 3
3 3 3 3 0 0 0 0 0 0 0 0 0 0 0 0 0 3 3 3
3 3 3 3 0 0 0 0 0 0 0 0 0 0 0 0 0 3 3 3
3 3 3 3 3 3 3 0 0 0 0 0 0 0 3 3 3 3 3 3
3 3 3 3 3 3 3 3 3 0 0 0 3 3 3 3 3 3 3 3
3 3 3 3 3 3 3 3 3 3 3 3 3 3 3 3 3 3 3 3
=======
12 11
2 2 2 2 2 2 2 2 2 2 2 2
2 2 2 2 2 2 2 2 2 2 2 2
2 17 17 17 17 17 22 17 17 17 17 2
2 17 17 17 17 17 17 17 17 17 17 2
2 17 17 8 8 8 8 8 8 17 17 2
2 17 17 8 8 8 8 8 8 17 17 2
2 22 17 8 8 8 8 8 8 17 22 2
2 17 17 8 8 8 8 8 8 17 17 2
2 17 17 17 17 17 17 17 17 17 17 2
2 17 17 17 17 17 22 17 17 17 17 2
2 2 2 2 2 2 2 2 2 2 2 2
>>>>>>> 48e5f9b02f04afe6a5583a0fae24f69b08bbc8f1
