20 20
7 7 7 7 7 7 7 7 7 7 7 7 7 7 7 7 7 7 7 7
7 7 7 0 4 4 4 4 4 4 4 4 4 4 4 4 4 1 7 7
7 7 7 12 13 13 13 13 13 13 13 13 13 13 13 13 13 16 7 7
7 7 7 12 13 13 13 13 13 13 13 13 13 13 13 13 13 16 7 7
7 7 7 12 13 13 13 13 13 13 13 13 13 13 13 13 13 16 7 7
7 7 7 12 13 13 13 13 13 13 13 13 13 13 13 13 13 16 7 7
7 7 7 12 13 13 13 13 13 13 13 13 13 13 13 13 13 16 7 7
7 7 7 12 13 13 13 13 13 13 13 13 13 13 13 13 13 16 7 7
7 7 7 12 13 13 13 13 13 13 13 13 13 13 13 13 13 16 7 7
7 7 7 12 13 13 13 13 13 13 13 13 13 13 13 13 13 16 7 7
7 7 7 12 13 13 13 13 13 13 13 13 13 13 13 13 13 16 7 7
7 7 7 12 13 13 13 13 13 13 13 13 13 13 13 13 13 16 7 7
7 7 7 12 13 13 13 13 13 13 13 13 13 13 13 13 13 16 7 7
7 7 7 12 13 13 13 13 13 13 13 13 13 13 13 13 13 16 7 7
7 7 7 12 13 13 13 13 13 13 13 13 13 13 13 13 13 16 7 7
7 7 7 11 3 3 3 3 3 3 3 3 3 3 3 3 3 15 7 7
7 7 7 7 7 7 7 7 7 7 7 7 7 7 7 7 7 7 7 7
7 7 7 7 7 7 7 7 7 7 7 7 7 7 7 7 7 7 7 7
7 7 7 7 7 7 7 7 7 7 7 7 7 7 7 7 7 7 7 7
7 7 7 7 7 7 7 7 7 7 7 7 7 7 7 7 7 7 7 7